35546.12
37331.98
36677.83
37388.05
33380.8
33556.96
35796.31
35516.07
36829.15
39246.78
37568.68
36694.85
37253.82
35641.26
34605.15
35661.79
38529.99
39241.92
38324.72
38810.99
34681.44
37458.51
37263.35
40525.39
36671.23
42849.78
43538.02
46426.83
46762.99
49844.16
49671.92
49537.15
56670.02
55816.14
58240.83
58866.53
57315.49
56393.68
57436.11
53205.05
57169.39
56578.21
57797.35
57697.25
53555
54846.23
55011.97
54001.38
49066.76
50047.84
51110.56
51690.95
53787.62
56425
55633.14
56150.01
60006.67
61334.81
63158.74
62959.53
63575.01
59860.01
59998.8
59769.13
58142.55
58077.52
55953.44
57990.03
59129.99
58202.01
57051.95
58950.01
58720.45
58739.46
58746.57
57635.46
55777.65
55817.14
55025.59
51293.78
52303.66
54342.8
54083.25
57351.56
58100.02
58030.01
57641
58912.97
56900.74
55605.2
58976.08
61188.38
57221.72
57773.15
55851.59
54874.67
52375.18
50959.11
50211.15
51325.36
